#    t         dt       dx_min     dx_max     po   v_max      e_kin      div_v    i_max

mu_0 = 10, penalty = 2
 1.000E-02  2.000E-04  2.500E-01  1.571E+00    8  2.503E+01  2.080E+01  1.225E-02    5
 1.000E-02  2.000E-04  2.500E-01  1.571E+00    8  2.487E+01  2.079E+01  7.535E-03   10
 1.000E-02  2.000E-04  2.500E-01  1.571E+00    8  2.495E+01  2.080E+01  4.505E-03   50

mu_0 = 100, penalty = 2
 1.000E-02  2.000E-04  2.500E-01  1.571E+00    8  2.486E+01  2.080E+01  1.075E-02    5
 1.000E-02  2.000E-04  2.500E-01  1.571E+00    8  2.502E+01  2.081E+01  6.260E-03   10
 1.000E-02  2.000E-04  2.500E-01  1.571E+00    8  2.480E+01  2.079E+01  8.130E-04   50

mu_0 = 100, penalty = 20
 ÷                                                                                   5
 ÷                                                                                  10
 1.000E-02  2.000E-04  2.500E-01  1.571E+00    8  2.488E+01  2.080E+01  1.288E-03   50





