#      t           dt           dx           dy           dz       po   err_v_max   err_v_rms   err_p_max   err_p_rms   div_v_max   div_v_rms    e_kin   
 2.50000E-01  3.90625E-03  1.00000E+00  1.00000E+00  1.00000E+00    6  4.2485E-01  1.8593E-01  9.4956E-01  1.4138E-01  5.8546E+00  1.3177E+00  4.54864E+01  #last#
 2.50000E-01  3.90625E-03  8.00000E-01  8.00000E-01  8.00000E-01    6  2.1060E-01  7.4486E-02  3.3281E-01  5.8546E-02  2.8285E+00  4.3176E-01  4.81604E+01  #last#
 2.50000E-01  3.90625E-03  6.66667E-01  6.66667E-01  6.66667E-01    6  8.1662E-02  2.7205E-02  1.3674E-01  2.5562E-02  1.3217E+00  2.6891E-01  4.80075E+01  #last#
 2.50000E-01  3.90625E-03  5.71429E-01  5.71429E-01  5.71429E-01    6  3.6438E-02  1.0976E-02  6.3459E-02  1.1941E-02  1.0869E+00  1.7145E-01  4.79945E+01  #last#
 2.50000E-01  3.90625E-03  5.00000E-01  5.00000E-01  5.00000E-01    6  1.0756E-02  4.5323E-03  3.1282E-02  4.8012E-03  2.6413E-01  3.8387E-02  4.79816E+01  #last#
 2.50000E-01  3.90625E-03  4.44444E-01  4.44444E-01  4.44444E-01    6  7.0897E-03  2.0915E-03  1.6268E-02  2.6995E-03  3.4056E-01  4.5560E-02  4.79985E+01  #last#
 2.50000E-01  3.90625E-03  4.00000E-01  4.00000E-01  4.00000E-01    6  2.8086E-03  1.0007E-03  8.9525E-03  1.3178E-03  2.0675E-01  2.4604E-02  4.79987E+01  #last#
 2.50000E-01  3.90625E-03  3.63636E-01  3.63636E-01  3.63636E-01    6  1.8294E-03  4.9362E-04  4.2088E-03  6.4119E-04  1.2668E-01  1.3586E-02  4.79996E+01  #last#
 2.50000E-01  3.90625E-03  3.33333E-01  3.33333E-01  3.33333E-01    6  7.5187E-04  2.6020E-04  2.0121E-03  2.8747E-04  3.0047E-02  4.8858E-03  4.79997E+01  #last#
 2.50000E-01  3.90625E-03  3.07692E-01  3.07692E-01  3.07692E-01    6  5.3540E-04  1.3977E-04  1.0268E-03  1.6326E-04  3.9287E-02  4.1808E-03  4.79999E+01  #last#
 2.50000E-01  3.90625E-03  2.85714E-01  2.85714E-01  2.85714E-01    6  2.8547E-04  7.9370E-05  5.1862E-04  8.9368E-05  2.1886E-02  2.3602E-03  4.80000E+01  #last#
 2.50000E-01  3.90625E-03  2.66667E-01  2.66667E-01  2.66667E-01    6  1.8803E-04  4.6727E-05  3.3690E-04  5.2806E-05  1.1506E-02  1.3548E-03  4.80000E+01  #last#
 2.50000E-01  3.90625E-03  2.50000E-01  2.50000E-01  2.50000E-01    6  6.9555E-05  2.0264E-05  2.3218E-04  4.3579E-05  5.8160E-03  7.7396E-04  4.80000E+01  #last#
