#      t           dt           dx           dy           dz       po   err_v_max   err_v_rms   err_p_max   err_p_rms   div_v_max   div_v_rms    e_kin   
 2.50000E-01  3.90625E-03  2.00000E+00  2.00000E+00  2.00000E+00   11  6.6501E-01  2.8851E-01  1.9993E+00  3.5698E-01  1.1503E+01  1.8257E+00  5.56128E+01  #last#
 2.50000E-01  3.90625E-03  1.33333E+00  1.33333E+00  1.33333E+00   11  6.4744E-02  1.9015E-02  1.3405E-01  2.3559E-02  3.2454E+00  4.1981E-01  4.80006E+01  #last#
 2.50000E-01  3.90625E-03  1.00000E+00  1.00000E+00  1.00000E+00   11  6.3446E-03  1.5875E-03  8.7391E-03  1.4338E-03  2.2392E-01  2.2709E-02  4.80017E+01  #last#
 2.50000E-01  3.90625E-03  8.00000E-01  8.00000E-01  8.00000E-01   11  8.1532E-04  1.9378E-04  2.1519E-03  2.6868E-04  1.2085E-01  1.1212E-02  4.79999E+01  #last#
 2.50000E-01  3.90625E-03  6.66667E-01  6.66667E-01  6.66667E-01   11  1.3970E-04  2.3651E-05  2.3050E-04  3.4953E-05  7.0462E-03  7.3086E-04  4.80000E+01  #last#
 2.50000E-01  3.90625E-03  5.71429E-01  5.71429E-01  5.71429E-01   11  2.8949E-05  4.5305E-06  6.5192E-05  7.1800E-06  5.3052E-03  4.3293E-04  4.80000E+01  #last#
 2.50000E-01  3.90625E-03  5.00000E-01  5.00000E-01  5.00000E-01   11  2.8043E-06  6.8903E-07  1.2099E-05  1.0145E-06  4.5607E-04  6.8994E-05  4.80000E+01  #last#
 2.50000E-01  3.90625E-03  4.44444E-01  4.44444E-01  4.44444E-01   11  1.1117E-06  2.0257E-07  3.2729E-06  3.5945E-07  3.0553E-04  2.5615E-05  4.80000E+01  #last#
 2.50000E-01  3.90625E-03  4.00000E-01  4.00000E-01  4.00000E-01   11  2.6761E-07  5.1060E-08  9.9891E-07  9.7280E-08  6.1917E-05  5.0177E-06  4.80000E+01  #last#
 2.50000E-01  3.90625E-03  3.63636E-01  3.63636E-01  3.63636E-01   11  8.5106E-08  1.5065E-08  3.4248E-07  3.2399E-08  2.3610E-05  9.6493E-07  4.80000E+01  #last#
 2.50000E-01  3.90625E-03  3.33333E-01  3.33333E-01  3.33333E-01   11  1.5976E-08  4.3262E-09  1.2238E-07  1.5588E-08  7.3112E-06  3.3727E-07  4.80000E+01  #last#
